function [alphabet,targets] = prprob()

letterA =  [0 0 0 0 0 ...
            0 1 1 1 0 ...
            1 0 0 0 1 ...
            0 0 0 0 1 ...
            0 1 1 1 1 ...
            1 0 0 0 1 ...
            0 1 1 1 0 ]';

letterB =  [1 0 0 0 0 ...
            1 0 0 0 0 ...
            1 0 0 0 0 ...
            1 1 1 1 0 ...
            1 0 0 0 1 ...
            1 0 0 0 1 ...
            1 1 1 1 0 ]';

letterC =  [0 0 0 0 0 ...
            0 0 0 0 0 ...
            0 1 1 1 0 ...
            1 0 0 0 1 ...
            1 0 0 0 0 ...
            1 0 0 0 1 ...
            0 1 1 1 0 ]';

letterD  = [0 0 0 0 1 ...
            0 0 0 0 1 ...
            0 0 0 0 1 ...
            0 1 1 1 1 ...
            1 0 0 0 1 ...
            1 0 0 0 1 ...
            0 1 1 1 1 ]';

letterE  = [0 0 0 0 0 ...
            0 1 1 1 0 ...
            1 0 0 0 1 ...
            1 1 1 1 0 ...
            1 0 0 0 0 ...
            1 0 0 0 0 ...
            0 1 1 1 0 ]';

letterF =  [0 0 0 0 0 ...
            0 1 1 1 0 ...
            1 0 0 0 0 ...
            1 1 1 1 0 ...
            1 0 0 0 0 ...
            1 0 0 0 0 ...
            1 0 0 0 0 ]';

letterG =  [0 0 0 0 0 ...
            0 1 1 1 0 ...
            1 0 0 0 1 ...
            1 0 0 0 1 ...
            0 1 1 1 1 ...
            0 0 0 0 1 ...
            0 1 1 1 0 ]';

letterH =  [1 0 0 0 0 ...
            1 0 0 0 0 ...
            1 0 0 0 0 ...
            1 1 1 1 0 ...
            1 0 0 0 1 ...
            1 0 0 0 1 ...
            1 0 0 0 1 ]';

letterI =  [0 0 0 0 0 ...
            0 0 0 0 0 ...
            0 0 1 0 0 ...
            0 0 0 0 0 ...
            0 0 1 0 0 ...
            0 0 1 0 0 ...
            0 0 1 0 0 ]';

letterJ =  [0 0 0 0 0 ...
            0 0 0 1 1 ...
            0 0 0 0 1 ...
            0 0 0 0 1 ...
            0 0 0 0 1 ...
            1 0 0 0 1 ...
            0 1 1 1 0 ]';

letterK =  [0 0 0 0 0 ...
            1 0 0 0 0 ...
            1 0 0 1 0 ...
            1 0 1 0 0 ...
            1 1 0 0 0 ...
            1 0 1 0 0 ...
            1 0 0 1 0 ]';

letterL =  [0 0 0 0 1 ...
            0 0 0 0 1 ...
            0 0 0 0 1 ...
            0 0 0 0 1 ...
            0 0 0 0 1 ...
            0 0 0 0 1 ...
            0 0 0 1 1 ]';

letterM =  [0 0 0 0 0 ...
            0 0 0 0 0 ...
            0 0 0 0 0 ...
            1 0 0 0 0 ...
            1 1 1 1 0 ...
            1 0 1 0 1 ...
            1 0 1 0 1 ]';

letterN =  [0 0 0 0 0 ...
            0 0 0 0 0 ...
            0 0 0 0 0 ...
            1 0 0 0 0 ...
            1 1 1 0 0 ...
            1 0 0 1 0 ...
            1 0 0 1 0 ]';

letterO =  [0 0 0 0 0 ...
            0 0 0 0 0 ...
            0 0 0 0 0 ...
            0 1 1 1 0 ...
            1 0 0 0 1 ...
            1 0 0 0 1 ...
            0 1 1 1 0 ]';

letterP =  [1 1 1 1 0 ...
            1 0 0 0 1 ...
            1 0 0 0 1 ...
            1 1 1 1 0 ...
            1 0 0 0 0 ...
            1 0 0 0 0 ...
            1 0 0 0 0 ]';

letterQ =  [0 1 1 1 0 ...
            1 0 0 0 1 ...
            1 0 0 0 1 ...
            0 1 1 1 1 ...
            0 0 0 0 1 ...
            0 0 0 0 1 ...
            0 0 0 0 1 ]';

letterR =  [0 0 0 0 0 ...
            0 0 0 0 0 ...
            1 0 1 1 0 ...
            1 1 1 1 0 ...
            1 0 0 0 0 ...
            1 0 0 0 0 ...
            1 0 0 0 0 ]';

letterS =  [0 0 0 0 0 ...
            0 0 0 0 0 ...
            0 1 1 1 0 ...
            1 0 0 0 0 ...
            0 1 1 1 0 ...
            0 0 0 0 1 ...
            0 1 1 1 0 ]';

letterT =  [0 0 0 0 0 ...
            0 0 1 0 0 ...
            0 1 1 1 0 ...
            0 0 1 0 0 ...
            0 0 1 0 0 ...
            0 0 1 0 1 ...
            0 0 1 1 0 ]';

letterU =  [0 0 0 0 0 ...
            0 0 0 0 0 ...
            0 0 0 0 0 ...
            0 0 0 0 0 ...
            1 0 0 0 1 ...
            1 0 0 0 1 ...
            0 1 1 1 0 ]';

letterV =  [0 0 0 0 0 ...
            0 0 0 0 0 ...
            0 0 0 0 0 ...
            1 0 0 0 1 ...
            1 0 0 0 1 ...
            0 1 0 1 0 ...
            0 0 1 0 0 ]';

letterW =  [0 0 0 0 0 ...
            0 0 0 0 0 ...
            0 0 0 0 0 ...
            1 0 0 0 1 ...
            1 0 1 0 1 ...
            1 1 0 1 1 ...
            1 0 0 0 1 ]';

letterX =  [0 0 0 0 0 ...
            0 0 0 0 0 ...
            1 0 0 0 1 ...
            0 1 0 1 0 ...
            0 0 1 0 0 ...
            0 1 0 1 0 ...
            1 0 0 0 1 ]';

letterY =  [0 0 0 0 0 ...
            1 0 0 1 0 ...
            1 0 0 1 0 ...
            0 1 1 1 0 ...
            0 0 0 1 0 ...
            1 0 0 1 0 ...
            0 1 1 0 0 ]';

letterZ =  [0 0 0 0 0 ...
            0 0 0 0 0 ...
            1 1 1 1 1 ...
            0 0 0 1 0 ...
            0 0 1 0 0 ...
            0 1 0 0 0 ...
            1 1 1 1 1 ]';

alphabet = [letterA,letterB,letterC,letterD,letterE,letterF,letterG,letterH,...
            letterI,letterJ,letterK,letterL,letterM,letterN,letterO,letterP,...
            letterQ,letterR,letterS,letterT,letterU,letterV,letterW,letterX,...
            letterY,letterZ];

targets = eye(26);
